8.332812500000000000e+01
8.355078125000000000e+01
8.151562500000000000e+01
9.583984375000000000e+01
7.789062500000000000e+01
1.137148437500000000e+02
7.698437500000000000e+01
1.304726562500000000e+02
7.698437500000000000e+01
1.483476562500000000e+02
7.698437500000000000e+01
1.651054687500000000e+02
7.970312500000000000e+01
1.818632812500000000e+02
8.695312500000000000e+01
1.952695312500000000e+02
9.873437500000000000e+01
2.030898437500000000e+02
1.132343750000000000e+02
2.030898437500000000e+02
1.268281250000000000e+02
1.997382812500000000e+02
1.395156250000000000e+02
1.941523437500000000e+02
1.503906250000000000e+02
1.852148437500000000e+02
1.612656250000000000e+02
1.729257812500000000e+02
1.694218750000000000e+02
1.595195312500000000e+02
1.766718750000000000e+02
1.449960937500000000e+02
1.830156250000000000e+02
1.304726562500000000e+02
9.148437500000000000e+01
9.919140625000000000e+01
1.000937500000000000e+02
1.003085937500000000e+02
1.073437500000000000e+02
1.042187500000000000e+02
1.155000000000000000e+02
1.070117187500000000e+02
1.227500000000000000e+02
1.109218750000000000e+02
1.440468750000000000e+02
1.198593750000000000e+02
1.508437500000000000e+02
1.232109375000000000e+02
1.567343750000000000e+02
1.271210937500000000e+02
1.630781250000000000e+02
1.310312500000000000e+02
1.694218750000000000e+02
1.349414062500000000e+02
1.304531250000000000e+02
1.226523437500000000e+02
1.259218750000000000e+02
1.349414062500000000e+02
1.204843750000000000e+02
1.483476562500000000e+02
1.159531250000000000e+02
1.595195312500000000e+02
1.032656250000000000e+02
1.528164062500000000e+02
1.077968750000000000e+02
1.584023437500000000e+02
1.141406250000000000e+02
1.639882812500000000e+02
1.232031250000000000e+02
1.628710937500000000e+02
1.304531250000000000e+02
1.617539062500000000e+02
9.873437500000000000e+01
1.081289062500000000e+02
1.032656250000000000e+02
1.092460937500000000e+02
1.132343750000000000e+02
1.125976562500000000e+02
1.168593750000000000e+02
1.159492187500000000e+02
1.123281250000000000e+02
1.159492187500000000e+02
1.023593750000000000e+02
1.125976562500000000e+02
1.440468750000000000e+02
1.282382812500000000e+02
1.485781250000000000e+02
1.293554687500000000e+02
1.576406250000000000e+02
1.349414062500000000e+02
1.612656250000000000e+02
1.371757812500000000e+02
1.567343750000000000e+02
1.360585937500000000e+02
1.476718750000000000e+02
1.327070312500000000e+02
8.967187500000000000e+01
1.606367187500000000e+02
9.782812500000000000e+01
1.651054687500000000e+02
1.077968750000000000e+02
1.695742187500000000e+02
1.105156250000000000e+02
1.718085937500000000e+02
1.150468750000000000e+02
1.729257812500000000e+02
1.259218750000000000e+02
1.751601562500000000e+02
1.358906250000000000e+02
1.762773437500000000e+02
1.268281250000000000e+02
1.818632812500000000e+02
1.168593750000000000e+02
1.840976562500000000e+02
1.068906250000000000e+02
1.829804687500000000e+02
9.873437500000000000e+01
1.773945312500000000e+02
9.329687500000000000e+01
1.695742187500000000e+02
9.057812500000000000e+01
1.617539062500000000e+02
9.964062500000000000e+01
1.695742187500000000e+02
1.096093750000000000e+02
1.751601562500000000e+02
1.222968750000000000e+02
1.773945312500000000e+02
1.349843750000000000e+02
1.762773437500000000e+02
1.213906250000000000e+02
1.773945312500000000e+02
1.096093750000000000e+02
1.751601562500000000e+02
9.873437500000000000e+01
1.695742187500000000e+02
