6.373046875000000000e+01
9.264843750000000000e+01
6.373046875000000000e+01
1.256015625000000000e+02
6.373046875000000000e+01
1.481484375000000000e+02
6.627734375000000000e+01
1.776328125000000000e+02
7.901171875000000000e+01
1.984453125000000000e+02
9.556640625000000000e+01
2.105859375000000000e+02
1.121210937500000000e+02
2.227265625000000000e+02
1.324960937500000000e+02
2.296640625000000000e+02
1.515976562500000000e+02
2.296640625000000000e+02
1.656054687500000000e+02
2.279296875000000000e+02
1.770664062500000000e+02
2.140546875000000000e+02
1.885273437500000000e+02
2.019140625000000000e+02
1.974414062500000000e+02
1.880390625000000000e+02
2.063554687500000000e+02
1.706953125000000000e+02
2.139960937500000000e+02
1.516171875000000000e+02
2.165429687500000000e+02
1.325390625000000000e+02
2.165429687500000000e+02
1.151953125000000000e+02
8.919921875000000000e+01
8.397656250000000000e+01
1.038437500000000000e+02
7.703906250000000000e+01
1.242187500000000000e+02
7.703906250000000000e+01
1.458671875000000000e+02
8.310937500000000000e+01
1.605117187500000000e+02
8.744531250000000000e+01
1.840703125000000000e+02
9.004687500000000000e+01
1.936210937500000000e+02
8.917968750000000000e+01
2.025351562500000000e+02
8.831250000000000000e+01
2.114492187500000000e+02
8.831250000000000000e+01
2.165429687500000000e+02
9.611718750000000000e+01
1.719726562500000000e+02
1.099921875000000000e+02
1.732460937500000000e+02
1.238671875000000000e+02
1.745195312500000000e+02
1.360078125000000000e+02
1.757929687500000000e+02
1.498828125000000000e+02
1.503242187500000000e+02
1.620234375000000000e+02
1.592382812500000000e+02
1.620234375000000000e+02
1.668789062500000000e+02
1.637578125000000000e+02
1.732460937500000000e+02
1.637578125000000000e+02
1.783398437500000000e+02
1.637578125000000000e+02
1.083007812500000000e+02
1.030546875000000000e+02
1.172148437500000000e+02
9.785156250000000000e+01
1.363164062500000000e+02
1.013203125000000000e+02
1.414101562500000000e+02
1.099921875000000000e+02
1.350429687500000000e+02
1.117265625000000000e+02
1.159414062500000000e+02
1.082578125000000000e+02
1.821601562500000000e+02
1.151953125000000000e+02
1.898007812500000000e+02
1.082578125000000000e+02
2.063554687500000000e+02
1.099921875000000000e+02
2.101757812500000000e+02
1.169296875000000000e+02
2.050820312500000000e+02
1.203984375000000000e+02
1.898007812500000000e+02
1.186640625000000000e+02
1.261289062500000000e+02
1.845703125000000000e+02
1.426835937500000000e+02
1.811015625000000000e+02
1.605117187500000000e+02
1.758984375000000000e+02
1.643320312500000000e+02
1.776328125000000000e+02
1.694257812500000000e+02
1.776328125000000000e+02
1.757929687500000000e+02
1.828359375000000000e+02
1.808867187500000000e+02
1.880390625000000000e+02
1.745195312500000000e+02
1.967109375000000000e+02
1.681523437500000000e+02
2.019140625000000000e+02
1.605117187500000000e+02
2.036484375000000000e+02
1.477773437500000000e+02
2.001796875000000000e+02
1.363164062500000000e+02
1.915078125000000000e+02
1.274023437500000000e+02
1.845703125000000000e+02
1.452304687500000000e+02
1.863046875000000000e+02
1.630585937500000000e+02
1.863046875000000000e+02
1.706992187500000000e+02
1.880390625000000000e+02
1.783398437500000000e+02
1.897734375000000000e+02
1.706992187500000000e+02
1.897734375000000000e+02
1.617851562500000000e+02
1.880390625000000000e+02
1.439570312500000000e+02
1.863046875000000000e+02
