6.266406250000000000e+01
1.235117187500000000e+02
6.371093750000000000e+01
1.412851562500000000e+02
6.580468750000000000e+01
1.590585937500000000e+02
6.999218750000000000e+01
1.781992187500000000e+02
7.732031250000000000e+01
1.932382812500000000e+02
8.883593750000000000e+01
2.055429687500000000e+02
1.013984375000000000e+02
2.151132812500000000e+02
1.150078125000000000e+02
2.192148437500000000e+02
1.296640625000000000e+02
2.205820312500000000e+02
1.453671875000000000e+02
2.192148437500000000e+02
1.579296875000000000e+02
2.123789062500000000e+02
1.694453125000000000e+02
2.028085937500000000e+02
1.799140625000000000e+02
1.905039062500000000e+02
1.882890625000000000e+02
1.740976562500000000e+02
1.893359375000000000e+02
1.535898437500000000e+02
1.893359375000000000e+02
1.358164062500000000e+02
1.893359375000000000e+02
1.180429687500000000e+02
6.894531250000000000e+01
1.153085937500000000e+02
7.836718750000000000e+01
1.043710937500000000e+02
9.145312500000000000e+01
1.036875000000000000e+02
1.061093750000000000e+02
1.064218750000000000e+02
1.171015625000000000e+02
1.091562500000000000e+02
1.411796875000000000e+02
1.077890625000000000e+02
1.521718750000000000e+02
1.043710937500000000e+02
1.642109375000000000e+02
1.009531250000000000e+02
1.772968750000000000e+02
1.009531250000000000e+02
1.872421875000000000e+02
1.125742187500000000e+02
1.286171875000000000e+02
1.221445312500000000e+02
1.286171875000000000e+02
1.358164062500000000e+02
1.296640625000000000e+02
1.494882812500000000e+02
1.296640625000000000e+02
1.631601562500000000e+02
1.129140625000000000e+02
1.631601562500000000e+02
1.212890625000000000e+02
1.658945312500000000e+02
1.296640625000000000e+02
1.699960937500000000e+02
1.380390625000000000e+02
1.658945312500000000e+02
1.464140625000000000e+02
1.617929687500000000e+02
8.255468750000000000e+01
1.221445312500000000e+02
8.778906250000000000e+01
1.166757812500000000e+02
1.055859375000000000e+02
1.180429687500000000e+02
1.118671875000000000e+02
1.248789062500000000e+02
1.045390625000000000e+02
1.262460937500000000e+02
8.778906250000000000e+01
1.262460937500000000e+02
1.432734375000000000e+02
1.235117187500000000e+02
1.506015625000000000e+02
1.166757812500000000e+02
1.683984375000000000e+02
1.153085937500000000e+02
1.746796875000000000e+02
1.207773437500000000e+02
1.683984375000000000e+02
1.248789062500000000e+02
1.526953125000000000e+02
1.248789062500000000e+02
9.616406250000000000e+01
1.740976562500000000e+02
1.108203125000000000e+02
1.727304687500000000e+02
1.254765625000000000e+02
1.740976562500000000e+02
1.296640625000000000e+02
1.740976562500000000e+02
1.338515625000000000e+02
1.740976562500000000e+02
1.474609375000000000e+02
1.727304687500000000e+02
1.610703125000000000e+02
1.727304687500000000e+02
1.516484375000000000e+02
1.836679687500000000e+02
1.411796875000000000e+02
1.932382812500000000e+02
1.296640625000000000e+02
1.959726562500000000e+02
1.181484375000000000e+02
1.932382812500000000e+02
1.055859375000000000e+02
1.850351562500000000e+02
9.825781250000000000e+01
1.754648437500000000e+02
1.139609375000000000e+02
1.768320312500000000e+02
1.296640625000000000e+02
1.781992187500000000e+02
1.443203125000000000e+02
1.754648437500000000e+02
1.600234375000000000e+02
1.740976562500000000e+02
1.453671875000000000e+02
1.836679687500000000e+02
1.296640625000000000e+02
1.864023437500000000e+02
1.129140625000000000e+02
1.850351562500000000e+02
