6.328515625000000000e+01
1.164960937500000000e+02
6.232421875000000000e+01
1.448554687500000000e+02
6.232421875000000000e+01
1.629023437500000000e+02
6.328515625000000000e+01
1.848164062500000000e+02
7.097265625000000000e+01
2.028632812500000000e+02
8.250390625000000000e+01
2.144648437500000000e+02
9.595703125000000000e+01
2.221992187500000000e+02
1.094101562500000000e+02
2.234882812500000000e+02
1.238242187500000000e+02
2.247773437500000000e+02
1.363164062500000000e+02
2.247773437500000000e+02
1.497695312500000000e+02
2.234882812500000000e+02
1.603398437500000000e+02
2.157539062500000000e+02
1.680273437500000000e+02
2.028632812500000000e+02
1.766757812500000000e+02
1.861054687500000000e+02
1.776367187500000000e+02
1.706367187500000000e+02
1.776367187500000000e+02
1.538789062500000000e+02
1.776367187500000000e+02
1.306757812500000000e+02
7.673828125000000000e+01
1.036054687500000000e+02
8.682812500000000000e+01
9.780468750000000000e+01
9.739843750000000000e+01
9.844921875000000000e+01
1.089296875000000000e+02
9.973828125000000000e+01
1.185390625000000000e+02
1.003828125000000000e+02
1.459257812500000000e+02
1.055390625000000000e+02
1.550546875000000000e+02
1.055390625000000000e+02
1.632226562500000000e+02
1.061835937500000000e+02
1.709101562500000000e+02
1.081171875000000000e+02
1.776367187500000000e+02
1.164960937500000000e+02
1.324726562500000000e+02
1.203632812500000000e+02
1.324726562500000000e+02
1.280976562500000000e+02
1.324726562500000000e+02
1.371210937500000000e+02
1.324726562500000000e+02
1.461445312500000000e+02
1.142148437500000000e+02
1.590351562500000000e+02
1.228632812500000000e+02
1.590351562500000000e+02
1.305507812500000000e+02
1.603242187500000000e+02
1.363164062500000000e+02
1.603242187500000000e+02
1.430429687500000000e+02
1.603242187500000000e+02
8.730859375000000000e+01
1.190742187500000000e+02
9.211328125000000000e+01
1.152070312500000000e+02
1.055664062500000000e+02
1.164960937500000000e+02
1.113320312500000000e+02
1.203632812500000000e+02
1.055664062500000000e+02
1.216523437500000000e+02
9.211328125000000000e+01
1.203632812500000000e+02
1.478476562500000000e+02
1.242304687500000000e+02
1.536132812500000000e+02
1.216523437500000000e+02
1.632226562500000000e+02
1.229414062500000000e+02
1.670664062500000000e+02
1.268085937500000000e+02
1.632226562500000000e+02
1.280976562500000000e+02
1.536132812500000000e+02
1.268085937500000000e+02
9.787890625000000000e+01
1.809492187500000000e+02
1.103710937500000000e+02
1.757929687500000000e+02
1.247851562500000000e+02
1.732148437500000000e+02
1.286289062500000000e+02
1.732148437500000000e+02
1.324726562500000000e+02
1.732148437500000000e+02
1.430429687500000000e+02
1.770820312500000000e+02
1.526523437500000000e+02
1.861054687500000000e+02
1.440039062500000000e+02
1.899726562500000000e+02
1.353554687500000000e+02
1.912617187500000000e+02
1.267070312500000000e+02
1.912617187500000000e+02
1.170976562500000000e+02
1.899726562500000000e+02
1.074882812500000000e+02
1.873945312500000000e+02
9.980078125000000000e+01
1.809492187500000000e+02
1.142148437500000000e+02
1.796601562500000000e+02
1.286289062500000000e+02
1.796601562500000000e+02
1.391992187500000000e+02
1.822382812500000000e+02
1.507304687500000000e+02
1.861054687500000000e+02
1.391992187500000000e+02
1.822382812500000000e+02
1.276679687500000000e+02
1.809492187500000000e+02
1.132539062500000000e+02
1.809492187500000000e+02
