6.667578125000000000e+01
1.164804687500000000e+02
6.771484375000000000e+01
1.348632812500000000e+02
7.083203125000000000e+01
1.518320312500000000e+02
7.498828125000000000e+01
1.702148437500000000e+02
8.018359375000000000e+01
1.857695312500000000e+02
8.953515625000000000e+01
1.970820312500000000e+02
9.992578125000000000e+01
2.069804687500000000e+02
1.113554687500000000e+02
2.154648437500000000e+02
1.238242187500000000e+02
2.154648437500000000e+02
1.383710937500000000e+02
2.154648437500000000e+02
1.518789062500000000e+02
2.126367187500000000e+02
1.643476562500000000e+02
2.055664062500000000e+02
1.747382812500000000e+02
1.956679687500000000e+02
1.830507812500000000e+02
1.815273437500000000e+02
1.882460937500000000e+02
1.645585937500000000e+02
1.913632812500000000e+02
1.475898437500000000e+02
1.924023437500000000e+02
1.292070312500000000e+02
7.291015625000000000e+01
1.065820312500000000e+02
8.226171875000000000e+01
9.951171875000000000e+01
9.317187500000000000e+01
9.880468750000000000e+01
1.040820312500000000e+02
1.016328125000000000e+02
1.144726562500000000e+02
1.051679687500000000e+02
1.399296875000000000e+02
1.044609375000000000e+02
1.513593750000000000e+02
1.030468750000000000e+02
1.643476562500000000e+02
1.009257812500000000e+02
1.762968750000000000e+02
1.023398437500000000e+02
1.861679687500000000e+02
1.108242187500000000e+02
1.269414062500000000e+02
1.207226562500000000e+02
1.259023437500000000e+02
1.320351562500000000e+02
1.248632812500000000e+02
1.419335937500000000e+02
1.248632812500000000e+02
1.532460937500000000e+02
1.134335937500000000e+02
1.603164062500000000e+02
1.186289062500000000e+02
1.617304687500000000e+02
1.248632812500000000e+02
1.631445312500000000e+02
1.310976562500000000e+02
1.631445312500000000e+02
1.383710937500000000e+02
1.617304687500000000e+02
8.433984375000000000e+01
1.207226562500000000e+02
8.953515625000000000e+01
1.164804687500000000e+02
1.051210937500000000e+02
1.178945312500000000e+02
1.113554687500000000e+02
1.235507812500000000e+02
1.040820312500000000e+02
1.249648437500000000e+02
9.057421875000000000e+01
1.249648437500000000e+02
1.446054687500000000e+02
1.249648437500000000e+02
1.518789062500000000e+02
1.193085937500000000e+02
1.664257812500000000e+02
1.193085937500000000e+02
1.726601562500000000e+02
1.235507812500000000e+02
1.664257812500000000e+02
1.277929687500000000e+02
1.518789062500000000e+02
1.277929687500000000e+02
1.009648437500000000e+02
1.786992187500000000e+02
1.103164062500000000e+02
1.758710937500000000e+02
1.207070312500000000e+02
1.744570312500000000e+02
1.248632812500000000e+02
1.744570312500000000e+02
1.290195312500000000e+02
1.744570312500000000e+02
1.404492187500000000e+02
1.772851562500000000e+02
1.508398437500000000e+02
1.801132812500000000e+02
1.425273437500000000e+02
1.871835937500000000e+02
1.342148437500000000e+02
1.928398437500000000e+02
1.248632812500000000e+02
1.942539062500000000e+02
1.155117187500000000e+02
1.914257812500000000e+02
1.082382812500000000e+02
1.857695312500000000e+02
1.020039062500000000e+02
1.786992187500000000e+02
1.134335937500000000e+02
1.815273437500000000e+02
1.248632812500000000e+02
1.815273437500000000e+02
1.362929687500000000e+02
1.815273437500000000e+02
1.487617187500000000e+02
1.815273437500000000e+02
1.362929687500000000e+02
1.815273437500000000e+02
1.248632812500000000e+02
1.815273437500000000e+02
1.134335937500000000e+02
1.815273437500000000e+02
