6.328515625000000000e+01
1.223046875000000000e+02
6.328515625000000000e+01
1.443515625000000000e+02
6.232421875000000000e+01
1.625078125000000000e+02
6.328515625000000000e+01
1.845546875000000000e+02
7.097265625000000000e+01
2.014140625000000000e+02
8.250390625000000000e+01
2.143828125000000000e+02
9.595703125000000000e+01
2.208671875000000000e+02
1.094101562500000000e+02
2.234609375000000000e+02
1.238242187500000000e+02
2.247578125000000000e+02
1.363164062500000000e+02
2.247578125000000000e+02
1.488085937500000000e+02
2.234609375000000000e+02
1.603398437500000000e+02
2.143828125000000000e+02
1.680273437500000000e+02
2.027109375000000000e+02
1.766757812500000000e+02
1.858515625000000000e+02
1.776367187500000000e+02
1.689921875000000000e+02
1.776367187500000000e+02
1.534296875000000000e+02
1.776367187500000000e+02
1.313828125000000000e+02
7.673828125000000000e+01
1.028515625000000000e+02
8.682812500000000000e+01
9.701562500000000000e+01
9.739843750000000000e+01
9.701562500000000000e+01
1.079687500000000000e+02
9.831250000000000000e+01
1.180585937500000000e+02
9.960937500000000000e+01
1.459257812500000000e+02
1.035000000000000000e+02
1.550546875000000000e+02
1.041484375000000000e+02
1.632226562500000000e+02
1.047968750000000000e+02
1.709101562500000000e+02
1.073906250000000000e+02
1.776367187500000000e+02
1.158203125000000000e+02
1.324726562500000000e+02
1.197109375000000000e+02
1.324726562500000000e+02
1.274921875000000000e+02
1.324726562500000000e+02
1.352734375000000000e+02
1.324726562500000000e+02
1.443515625000000000e+02
1.142148437500000000e+02
1.573203125000000000e+02
1.228632812500000000e+02
1.586171875000000000e+02
1.295898437500000000e+02
1.599140625000000000e+02
1.363164062500000000e+02
1.599140625000000000e+02
1.430429687500000000e+02
1.599140625000000000e+02
8.634765625000000000e+01
1.184140625000000000e+02
9.211328125000000000e+01
1.158203125000000000e+02
1.055664062500000000e+02
1.171171875000000000e+02
1.113320312500000000e+02
1.197109375000000000e+02
1.055664062500000000e+02
1.210078125000000000e+02
9.211328125000000000e+01
1.197109375000000000e+02
1.478476562500000000e+02
1.236015625000000000e+02
1.536132812500000000e+02
1.210078125000000000e+02
1.632226562500000000e+02
1.223046875000000000e+02
1.670664062500000000e+02
1.261953125000000000e+02
1.632226562500000000e+02
1.274921875000000000e+02
1.536132812500000000e+02
1.261953125000000000e+02
9.787890625000000000e+01
1.793671875000000000e+02
1.103710937500000000e+02
1.754765625000000000e+02
1.238242187500000000e+02
1.728828125000000000e+02
1.276679687500000000e+02
1.728828125000000000e+02
1.324726562500000000e+02
1.728828125000000000e+02
1.430429687500000000e+02
1.767734375000000000e+02
1.526523437500000000e+02
1.845546875000000000e+02
1.440039062500000000e+02
1.897421875000000000e+02
1.353554687500000000e+02
1.910390625000000000e+02
1.267070312500000000e+02
1.897421875000000000e+02
1.170976562500000000e+02
1.884453125000000000e+02
1.074882812500000000e+02
1.858515625000000000e+02
9.883984375000000000e+01
1.793671875000000000e+02
1.132539062500000000e+02
1.793671875000000000e+02
1.276679687500000000e+02
1.793671875000000000e+02
1.391992187500000000e+02
1.819609375000000000e+02
1.507304687500000000e+02
1.845546875000000000e+02
1.391992187500000000e+02
1.819609375000000000e+02
1.276679687500000000e+02
1.793671875000000000e+02
1.132539062500000000e+02
1.793671875000000000e+02
