8.424218750000000000e+01
8.386718750000000000e+01
8.246093750000000000e+01
9.788281250000000000e+01
7.978906250000000000e+01
1.140546875000000000e+02
7.800781250000000000e+01
1.302265625000000000e+02
7.800781250000000000e+01
1.485546875000000000e+02
7.889843750000000000e+01
1.647265625000000000e+02
8.067968750000000000e+01
1.798203125000000000e+02
8.691406250000000000e+01
1.927578125000000000e+02
9.849218750000000000e+01
2.003046875000000000e+02
1.127421875000000000e+02
2.003046875000000000e+02
1.269921875000000000e+02
1.970703125000000000e+02
1.394609375000000000e+02
1.927578125000000000e+02
1.501484375000000000e+02
1.841328125000000000e+02
1.608359375000000000e+02
1.711953125000000000e+02
1.688515625000000000e+02
1.571796875000000000e+02
1.759765625000000000e+02
1.431640625000000000e+02
1.822109375000000000e+02
1.291484375000000000e+02
9.136718750000000000e+01
1.011171875000000000e+02
9.849218750000000000e+01
1.016562500000000000e+02
1.051718750000000000e+02
1.054296875000000000e+02
1.136328125000000000e+02
1.092031250000000000e+02
1.212031250000000000e+02
1.124375000000000000e+02
1.443593750000000000e+02
1.183671875000000000e+02
1.523750000000000000e+02
1.178281250000000000e+02
1.621718750000000000e+02
1.172890625000000000e+02
1.692968750000000000e+02
1.199843750000000000e+02
1.759765625000000000e+02
1.280703125000000000e+02
1.296640625000000000e+02
1.226796875000000000e+02
1.243203125000000000e+02
1.356171875000000000e+02
1.189765625000000000e+02
1.474765625000000000e+02
1.154140625000000000e+02
1.593359375000000000e+02
1.029453125000000000e+02
1.517890625000000000e+02
1.082890625000000000e+02
1.582578125000000000e+02
1.136328125000000000e+02
1.636484375000000000e+02
1.225390625000000000e+02
1.614921875000000000e+02
1.296640625000000000e+02
1.604140625000000000e+02
9.849218750000000000e+01
1.097421875000000000e+02
1.029453125000000000e+02
1.108203125000000000e+02
1.109609375000000000e+02
1.140546875000000000e+02
1.154140625000000000e+02
1.172890625000000000e+02
1.100703125000000000e+02
1.162109375000000000e+02
1.020546875000000000e+02
1.129765625000000000e+02
1.439140625000000000e+02
1.291484375000000000e+02
1.483671875000000000e+02
1.313046875000000000e+02
1.572734375000000000e+02
1.356171875000000000e+02
1.608359375000000000e+02
1.366953125000000000e+02
1.572734375000000000e+02
1.366953125000000000e+02
1.474765625000000000e+02
1.323828125000000000e+02
9.047656250000000000e+01
1.604140625000000000e+02
9.849218750000000000e+01
1.647265625000000000e+02
1.073984375000000000e+02
1.679609375000000000e+02
1.109609375000000000e+02
1.701171875000000000e+02
1.145234375000000000e+02
1.711953125000000000e+02
1.252109375000000000e+02
1.733515625000000000e+02
1.358984375000000000e+02
1.744296875000000000e+02
1.269921875000000000e+02
1.798203125000000000e+02
1.171953125000000000e+02
1.830546875000000000e+02
1.065078125000000000e+02
1.819765625000000000e+02
9.938281250000000000e+01
1.765859375000000000e+02
9.403906250000000000e+01
1.690390625000000000e+02
9.136718750000000000e+01
1.614921875000000000e+02
1.002734375000000000e+02
1.690390625000000000e+02
1.091796875000000000e+02
1.744296875000000000e+02
1.216484375000000000e+02
1.765859375000000000e+02
1.350078125000000000e+02
1.755078125000000000e+02
1.216484375000000000e+02
1.765859375000000000e+02
1.091796875000000000e+02
1.744296875000000000e+02
9.938281250000000000e+01
1.690390625000000000e+02
